====================================================================================================
4. WALK-FORWARD -- rolling 3-year train, one calendar year out of sample, selection re-run inside every fold
   Three selectors: best cell by R (n>=30), best cell by PLATEAU (neighbour mean), and
   the EA default held fixed. WFE = out-of-sample R / in-sample R of the chosen cell.
====================================================================================================

US100
  best:
     year   entry    exit   hold   mult  n_is   R_is  n_oos   R_oos  pf_oos     wfe
     2019 20.0000 90.0000 5.0000 0.5000    62 0.6155     29  0.5309  1.6918  0.8625
     2020 20.0000 90.0000 5.0000 0.5000    86 0.5607     40  0.5088  1.8977  0.9074
     2021 30.0000 90.0000 5.0000 0.5000   153 0.3527     57  0.0153  1.0206  0.0433
     2022 20.0000 90.0000 5.0000 0.5000   108 0.4653     57  0.0404  1.0566  0.0869
     2023 20.0000 90.0000 4.0000 0.5000   138 0.2965     48  0.0252  1.0375  0.0850
     2024 10.0000 90.0000 4.0000 1.0000    76 0.2826     18  0.3870  2.4114  1.3693
     2025 10.0000 80.0000 5.0000 1.0000    77 0.3796     12 -0.0990  0.8395 -0.2607
    concatenated OOS: n 261 R +0.1759 PF 1.266 win 34.9%; years positive 6/7; median WFE 0.09
  plateau:
     year   entry    exit   hold   mult  n_is   R_is  n_oos   R_oos  pf_oos     wfe
     2019 20.0000 90.0000 5.0000 0.5000    62 0.6155     29  0.5309  1.6918  0.8625
     2020 20.0000 90.0000 5.0000 0.5000    86 0.5607     40  0.5088  1.8977  0.9074
     2021 35.0000 90.0000 5.0000 0.5000   172 0.3493     64  0.0849  1.1145  0.2430
     2022 40.0000 90.0000 7.0000 0.5000   178 0.4106     83 -0.0191  0.9751 -0.0464
     2023 40.0000 90.0000 4.0000 0.5000   215 0.2432     68  0.0956  1.1330  0.3930
     2024 10.0000 80.0000 5.0000 1.0000    81 0.2750     18  0.5095  4.0036  1.8529
     2025 10.0000 75.0000 5.0000 1.0000    77 0.3789     12 -0.2077  0.6633 -0.5481
    concatenated OOS: n 314 R +0.1681 PF 1.245 win 33.8%; years positive 5/7; median WFE 0.39
  default:
     year   entry    exit   hold   mult  n_is   R_is  n_oos   R_oos  pf_oos     wfe
     2019 20.0000 80.0000 5.0000 1.0000    59 0.2505     30  0.2109  1.3918  0.8416
     2020 20.0000 80.0000 5.0000 1.0000    84 0.2314     42  0.3356  2.2145  1.4501
     2021 20.0000 80.0000 5.0000 1.0000   108 0.1556     36  0.1581  1.4474  1.0162
     2022 20.0000 80.0000 5.0000 1.0000   108 0.2418     54  0.1333  1.3259  0.5514
     2023 20.0000 80.0000 5.0000 1.0000   132 0.2044     42  0.4836  3.0952  2.3654
     2024 20.0000 80.0000 5.0000 1.0000   132 0.2515     35  0.2292  1.6592  0.9113
     2025 20.0000 80.0000 5.0000 1.0000   131 0.2712     21 -0.0760  0.8632 -0.2801
    concatenated OOS: n 260 R +0.2310 PF 1.625 win 60.8%; years positive 6/7; median WFE 0.91

US30
  best:
     year   entry    exit    hold   mult  n_is   R_is  n_oos  R_oos  pf_oos    wfe
     2019 10.0000 90.0000  4.0000 1.5000    34 0.3104     15 0.0603  1.1298 0.1944
     2020 40.0000 90.0000 10.0000 0.7500   136 0.2841     53 0.1352  1.2088 0.4759
     2021 15.0000 90.0000 10.0000 1.0000    79 0.3033     29 0.2197  1.4362 0.7244
     2022 15.0000 90.0000 10.0000 1.0000    81 0.4255     33 0.0989  1.1951 0.2325
     2023 15.0000 90.0000 10.0000 1.0000    91 0.3667     28 0.1860  1.5055 0.5073
     2024 10.0000 90.0000  7.0000 0.5000    77 0.2370     21 0.0827  1.1196 0.3487
     2025 10.0000 85.0000  2.0000 1.0000    70 0.2931     10 0.0410  1.0809 0.1399
    concatenated OOS: n 189 R +0.1326 PF 1.244 win 45.5%; years positive 7/7; median WFE 0.35
  plateau:
     year   entry    exit    hold   mult  n_is   R_is  n_oos   R_oos  pf_oos     wfe
     2019 10.0000 90.0000  4.0000 1.5000    34 0.3104     15  0.0603  1.1298  0.1944
     2020 40.0000 90.0000 10.0000 0.7500   136 0.2841     53  0.1352  1.2088  0.4759
     2021 10.0000 90.0000 10.0000 1.5000    53 0.2491     23 -0.1353  0.7650 -0.5431
     2022 15.0000 90.0000  7.0000 0.5000    89 0.3741     38  0.1677  1.2391  0.4482
     2023 15.0000 90.0000 10.0000 1.0000    91 0.3667     28  0.1860  1.5055  0.5073
     2024 10.0000 85.0000  7.0000 0.5000    78 0.1919     21  0.0917  1.1326  0.4778
     2025 10.0000 80.0000  5.0000 0.7500    69 0.2693     10 -0.0446  0.9303 -0.1657
    concatenated OOS: n 188 R +0.0959 PF 1.160 win 41.5%; years positive 5/7; median WFE 0.45
  default:
     year   entry    exit   hold   mult  n_is    R_is  n_oos  R_oos  pf_oos     wfe
     2019 20.0000 80.0000 5.0000 1.0000    64 -0.1121     26 0.1202  1.1881 -1.0716
     2020 20.0000 80.0000 5.0000 1.0000    86 -0.0589     44 0.2817  1.7903 -4.7861
     2021 20.0000 80.0000 5.0000 1.0000   109  0.0626     40 0.0059  1.0107  0.0941
     2022 20.0000 80.0000 5.0000 1.0000   110  0.1432     39 0.2722  1.6295  1.9008
     2023 20.0000 80.0000 5.0000 1.0000   123  0.1890     39 0.0863  1.2158  0.4565
     2024 20.0000 80.0000 5.0000 1.0000   118  0.1205     28 0.0481  1.1117  0.3990
     2025 20.0000 80.0000 5.0000 1.0000   106  0.1446     18 0.0334  1.0742  0.2308
    concatenated OOS: n 234 R +0.1354 PF 1.296 win 53.4%; years positive 7/7; median WFE 0.23
====================================================================================================
4. WALK-FORWARD -- anchored train, one calendar year out of sample, selection re-run inside every fold
   Three selectors: best cell by R (n>=30), best cell by PLATEAU (neighbour mean), and
   the EA default held fixed. WFE = out-of-sample R / in-sample R of the chosen cell.
====================================================================================================

US100
  best:
     year   entry    exit   hold   mult  n_is   R_is  n_oos   R_oos  pf_oos     wfe
     2019 20.0000 90.0000 5.0000 0.5000    62 0.6155     29  0.5309  1.6918  0.8625
     2020 20.0000 90.0000 5.0000 0.5000    91 0.5885     40  0.5088  1.8977  0.8645
     2021 20.0000 90.0000 5.0000 0.5000   131 0.5642     39  0.3718  1.5417  0.6591
     2022 20.0000 90.0000 5.0000 0.5000   170 0.5201     57  0.0404  1.0566  0.0778
     2023 20.0000 90.0000 5.0000 0.5000   227 0.3996     47  0.0637  1.0938  0.1593
     2024 20.0000 90.0000 5.0000 0.5000   274 0.3420     39 -0.1788  0.7575 -0.5228
     2025 20.0000 90.0000 5.0000 1.0000   272 0.2876     20 -0.1166  0.8160 -0.4054
    concatenated OOS: n 271 R +0.1706 PF 1.249 win 33.2%; years positive 5/7; median WFE 0.16
  plateau:
     year   entry    exit   hold   mult  n_is   R_is  n_oos   R_oos  pf_oos     wfe
     2019 20.0000 90.0000 5.0000 0.5000    62 0.6155     29  0.5309  1.6918  0.8625
     2020 20.0000 90.0000 5.0000 0.5000    91 0.5885     40  0.5088  1.8977  0.8645
     2021 20.0000 90.0000 5.0000 0.5000   131 0.5642     39  0.3718  1.5417  0.6591
     2022 20.0000 90.0000 5.0000 0.5000   170 0.5201     57  0.0404  1.0566  0.0778
     2023 20.0000 90.0000 5.0000 0.5000   227 0.3996     47  0.0637  1.0938  0.1593
     2024 20.0000 90.0000 5.0000 1.0000   238 0.3174     34  0.0785  1.1777  0.2472
     2025 10.0000 90.0000 5.0000 1.0000   159 0.2819     12 -0.0361  0.9415 -0.1280
    concatenated OOS: n 258 R +0.2240 PF 1.346 win 36.4%; years positive 6/7; median WFE 0.25
  default:
     year   entry    exit   hold   mult  n_is   R_is  n_oos   R_oos  pf_oos     wfe
     2019 20.0000 80.0000 5.0000 1.0000    59 0.2505     30  0.2109  1.3918  0.8416
     2020 20.0000 80.0000 5.0000 1.0000    89 0.2372     42  0.3356  2.2145  1.4150
     2021 20.0000 80.0000 5.0000 1.0000   131 0.2687     36  0.1581  1.4474  0.5884
     2022 20.0000 80.0000 5.0000 1.0000   167 0.2449     54  0.1333  1.3259  0.5444
     2023 20.0000 80.0000 5.0000 1.0000   221 0.2176     42  0.4836  3.0952  2.2222
     2024 20.0000 80.0000 5.0000 1.0000   263 0.2601     35  0.2292  1.6592  0.8813
     2025 20.0000 80.0000 5.0000 1.0000   298 0.2565     21 -0.0760  0.8632 -0.2962
    concatenated OOS: n 260 R +0.2310 PF 1.625 win 60.8%; years positive 6/7; median WFE 0.84

US30
  best:
     year   entry    exit    hold   mult  n_is   R_is  n_oos  R_oos  pf_oos    wfe
     2019 10.0000 90.0000  4.0000 1.5000    34 0.3104     15 0.0603  1.1298 0.1944
     2020 40.0000 90.0000 10.0000 0.7500   142 0.3021     53 0.1352  1.2088 0.4475
     2021 15.0000 90.0000 10.0000 1.0000   100 0.3512     29 0.2197  1.4362 0.6255
     2022 15.0000 90.0000 10.0000 1.0000   129 0.3216     33 0.0989  1.1951 0.3075
     2023 15.0000 90.0000 10.0000 1.0000   161 0.2843     28 0.1860  1.5055 0.6544
     2024 15.0000 90.0000 10.0000 1.0000   188 0.2692     25 0.1189  1.2609 0.4417
     2025 15.0000 90.0000 10.0000 1.0000   213 0.2515     14 0.1889  1.3731 0.7511
    concatenated OOS: n 197 R +0.1448 PF 1.281 win 48.2%; years positive 7/7; median WFE 0.45
  plateau:
     year   entry    exit    hold   mult  n_is   R_is  n_oos   R_oos  pf_oos     wfe
     2019 10.0000 90.0000  4.0000 1.5000    34 0.3104     15  0.0603  1.1298  0.1944
     2020 40.0000 90.0000 10.0000 0.7500   142 0.3021     53  0.1352  1.2088  0.4475
     2021 15.0000 90.0000 10.0000 1.5000    89 0.2797     29  0.0295  1.0644  0.1053
     2022 15.0000 90.0000 10.0000 1.5000   118 0.2182     32  0.1104  1.3006  0.5061
     2023 15.0000 90.0000 10.0000 1.5000   149 0.2033     25  0.1866  1.7418  0.9180
     2024 15.0000 90.0000 10.0000 1.5000   173 0.2006     21  0.0949  1.3091  0.4731
     2025 15.0000 90.0000  4.0000 1.0000   231 0.2342     14 -0.1268  0.7583 -0.5415
    concatenated OOS: n 189 R +0.0917 PF 1.201 win 51.3%; years positive 6/7; median WFE 0.45
  default:
     year   entry    exit   hold   mult  n_is    R_is  n_oos  R_oos  pf_oos     wfe
     2019 20.0000 80.0000 5.0000 1.0000    64 -0.1121     26 0.1202  1.1881 -1.0716
     2020 20.0000 80.0000 5.0000 1.0000    90 -0.0450     44 0.2817  1.7903 -6.2560
     2021 20.0000 80.0000 5.0000 1.0000   134  0.0623     40 0.0059  1.0107  0.0947
     2022 20.0000 80.0000 5.0000 1.0000   174  0.0493     39 0.2722  1.6295  5.5222
     2023 20.0000 80.0000 5.0000 1.0000   213  0.0901     39 0.0863  1.2158  0.9575
     2024 20.0000 80.0000 5.0000 1.0000   252  0.0895     28 0.0481  1.1117  0.5370
     2025 20.0000 80.0000 5.0000 1.0000   280  0.0854     18 0.0334  1.0742  0.3909
    concatenated OOS: n 234 R +0.1354 PF 1.296 win 53.4%; years positive 7/7; median WFE 0.39

[33s]
